Mcp = 1500; 
Mf_N2H4 = 118;

E1 = 8;
E2 = 0.7;

x = 0.4;

Pi = 80;

Cp_H2 = 29.9;
Cp_N2 = 31.1;
Cp_NH3 =  54;
Cp_N2H4 = 98.8;

deltaH_N2H4 = 50.6;
deltaH_NH3 = -45.9;

Tref = 298.15;
Ru = 8314.46;

M_N = 14;
M_H = 1;

A = (4/3)*(1 + x);
B = (1/3)*(1 + 2x);
C = 2*x;